"age"	"gen.G2"	"gen.G3"	"gen.G4"	"gen.G5"	"phb.P2"	"phb.P3"	"phb.P4"	"phb.P5"	"tv.T3"	"tv.T4"	"tv.T8"	"tv.T12"	"tv.T16"	"tv.T20"	"tv.T25"	"bre.B2"	"bre.B3"	"bre.B4"	"bre.B5"	"phg.P2"	"phg.P3"	"phg.P4"	"phg.P5"	"men.M2"
8	1302	122	0	0	397	3	0	0								221	13	1	0	153	5	2	1	53
8.25	1439	138	0	0	484	4	0	0								324	20	1	1	219	8	3	1	61
8.5	1587	155	0	0	588	6	0	0								473	31	2	1	313	14	5	2	69
8.75	1746	176	1	0	714	10	0	0	3879	1128	271	34	1	1	0	685	48	3	2	445	24	7	3	79
9	1914	198	1	0	863	15	0	0	4033	1281	311	44	2	2	0	980	75	6	3	628	40	12	4	90
9.25	2097	224	2	0	1040	24	0	1	4187	1450	356	58	3	3	0	1368	116	10	5	876	67	19	6	103
9.5	2312	255	3	0	1247	36	1	1	4361	1644	407	75	4	4	1	1831	179	17	7	1193	112	30	10	119
9.75	2568	292	4	0	1485	55	1	2	4581	1881	469	97	5	5	1	2344	274	30	11	1579	185	48	16	137
10	2858	340	7	1	1762	84	2	3	4884	2187	543	125	8	8	1	2907	416	52	17	2045	304	76	24	162
10.25	3172	403	12	1	2084	127	4	4	5272	2564	635	163	11	12	2	3543	629	88	27	2618	496	122	38	195
10.5	3492	488	19	2	2450	189	8	7	5725	2990	748	211	17	17	3	4277	940	150	42	3320	797	195	60	241
10.75	3807	602	32	4	2858	278	14	11	6226	3455	892	276	24	24	4	5111	1376	253	65	4128	1249	311	94	305
11	4150	758	52	6	3309	407	26	17	6768	3977	1084	364	35	35	6	5992	1948	419	101	4967	1862	492	147	399
11.25	4563	972	85	10	3810	594	49	26	7325	4582	1341	484	51	51	9	6828	2657	674	155	5781	2621	765	228	536
11.5	5108	1267	139	17	4382	867	90	40	7868	5305	1688	648	74	73	13	7573	3479	1043	235	6563	3493	1167	350	736
11.75	5818	1672	228	29	5043	1263	166	63	8361	6116	2146	869	107	105	19	8215	4396	1541	352	7314	4440	1734	532	1028
12	6622	2207	371	48	5777	1824	306	99	8775	6905	2724	1162	153	151	29	8743	5399	2175	519	8010	5425	2481	793	1441
12.25	7423	2877	595	80	6540	2566	555	156	9096	7589	3415	1539	219	215	42	9143	6430	2934	749	8600	6390	3367	1152	1998
12.5	8125	3671	927	131	7275	3466	960	246	9339	8154	4197	2006	311	304	61	9426	7380	3786	1053	9049	7270	4323	1622	2702
12.75	8677	4550	1389	214	7922	4436	1543	383	9520	8599	5026	2552	439	428	89	9616	8177	4676	1440	9364	8025	5270	2197	3523
13	9088	5452	1983	342	8454	5387	2284	587	9652	8942	5856	3159	615	598	129	9740	8787	5563	1913	9575	8623	6148	2860	4413
13.25	9383	6314	2698	534	8870	6256	3139	874	9748	9209	6650	3817	849	825	183	9820	9213	6407	2465	9713	9058	6927	3576	5308
13.5	9590	7088	3514	806	9185	7021	4054	1253	9819	9424	7378	4511	1150	1117	256	9872	9494	7170	3072	9802	9361	7601	4295	6157
13.75	9730	7744	4386	1168	9417	7682	4980	1721	9870	9595	8014	5216	1519	1478	352	9907	9673	7819	3699	9861	9569	8162	4968	6918
14	9823	8273	5262	1624	9584	8233	5879	2268	9908	9725	8532	5911	1953	1904	475	9931	9786	8337	4300	9900	9708	8612	5562	7569
14.25	9884	8688	6091	2169	9701	8672	6725	2885	9936	9819	8930	6586	2447	2389	624	9947	9858	8726	4835	9927	9802	8960	6066	8106
14.5	9923	9011	6831	2790	9782	9014	7493	3566	9956	9883	9224	7222	2989	2920	800	9959	9904	9011	5293	9945	9864	9225	6488	8535
14.75	9948	9261	7467	3463	9839	9276	8152	4305	9969	9926	9438	7797	3570	3483	1004	9967	9933	9218	5687	9958	9906	9425	6845	8873
15	9965	9452	8003	4165	9879	9474	8675	5083	9979	9953	9593	8282	4165	4055	1238	9974	9953	9369	6025	9968	9934	9574	7156	9137
15.25	9976	9595	8448	4859	9908	9621	9058	5856	9986	9971	9703	8666	4745	4606	1497	9978	9966	9480	6316	9975	9953	9683	7432	9342
15.5	9984	9701	8805	5506	9929	9728	9326	6567	9990	9982	9782	8955	5279	5108	1772	9982	9975	9565	6570	9980	9966	9762	7681	9498
15.75	9989	9779	9084	6063	9945	9805	9513	7172	9993	9988	9840	9166	5747	5545	2049	9985	9982	9632	6799	9984	9975	9820	7908	9615
16	9993	9837	9296	6513	9957	9860	9645	7654	9995	9993	9881	9318	6140	5909	2316	9987	9986	9687	7009	9987	9981	9862	8110	9702
16.25	9995	9878	9454	6858	9966	9899	9737	8027	9997	9996	9912	9428	6455	6200	2561	9989	9990	9733	7199	9989	9986	9893	8291	9767
16.5	9997	9908	9571	7111	9973	9927	9801	8317	9998	9997	9935	9507	6695	6422	2773	9991	9992	9771	7370	9991	9990	9915	8453	9815
16.75	9998	9930	9657	7301	9978	9947	9847	8552	9999	9998	9951	9564	6863	6584	2949	9992	9994	9802	7528	9993	9992	9932	8595	9851
17	9998	9947	9721	7453	9982	9961	9882	8751	9999	9999	9963	9605	6973	6698	3092	9993	9995	9827	7675	9994	9994	9944	8719	9879
17.25	9999	9958	9770	7585	9986	9972	9909	8925	9999	9999	9973	9635	7040	6776	3208	9994	9996	9848	7810	9995	9995	9954	8827	9900
17.5	9999	9967	9809	7718	9988	9980	9931	9084	10000	10000	9979	9659	7081	6832	3308	9995	9997	9866	7937	9996	9996	9961	8921	9916
17.75	10000	9974	9840	7869	9991	9985	9949	9227	10000	10000	9985	9679	7111	6878	3405	9996	9998	9880	8062	9996	9997	9966	9004	9930
18	10000	9979	9865	8037	9992	9989	9962	9350	10000	10000	9988	9698	7145	6926	3506	9996	9998	9893	8188	9997	9998	9971	9079	9940
18.25	10000	9983	9886	8217	9994	9992	9972	9453	10000	10000	9991	9716	7190	6980	3606	9997	9999	9904	8319	9997	9998	9974	9148	9949
18.5	10000	9986	9902	8395	9995	9994	9980	9539	10000	10000	9993	9734	7247	7041	3697	9997	9999	9915	8456	9998	9999	9978	9212	9956
18.75	10000	9989	9916	8568	9996	9996	9986	9611	10000	10000	9995	9752	7317	7110	3784	9997	9999	9924	8599	9998	9999	9980	9274	9963
19	10000	9991	9927	8731	9997	9997	9990	9671	10000	10000	9996	9771	7404	7192	3888	9998	9999	9932	8745	9998	9999	9983	9334	9968
19.25	10000	9993	9937	8880	9997	9998	9993	9720	10000	10000	9997	9790	7504	7284	4019	9998	9999	9940	8890	9999	9999	9985	9393	9973
19.5	10000	9994	9945	9015	9998	9998	9995	9760	10000	10000	9998	9809	7613	7385	4174	9998	10000	9948	9028	9999	9999	9987	9450	9977
19.75	10000	9995	9952	9136	9998	9999	9996	9794	10000	10000	9998	9826	7731	7497	4351	9998	10000	9954	9155	9999	10000	9988	9504	9980
20	10000	9996	9958	9245	9999	9999	9997	9823	10000	10000	9999	9842	7854	7617	4544	9999	10000	9960	9268	9999	10000	9990	9554	9983
20.25	10000	9997	9964	9342	9999	9999	9998	9848	10000	10000	9999	9857	7978	7740	4734	9999	10000	9965	9368	9999	10000	9991	9601	9986
20.5	10000	9997	9968	9428	9999	10000	9999	9869	10000	10000	9999	9871	8098	7860	4913	9999	10000	9969	9455	9999	10000	9992	9643	9988
20.75	10000	9998	9972	9503	9999	10000	9999	9888	10000	10000	10000	9883	8212	7977	5087	9999	10000	9973	9531	9999	10000	9993	9680	9990
21	10000	9998	9976	9569	9999	10000	9999	9904								9999	10000	9976	9597	10000	10000	9994	9714	9991
